ALGORITMA: SJF Preemptive
--------------------------------------------------
a) Zaman Tablosu
Process	Baslangic	Bitis	Burst
[P001]	0,0		1,0	1
[P002]	2,0		4,0	2
[P003]	4,0		7,0	3
[P004]	7,0		11,0	4
[P005]	11,0		16,0	5
[P006]	16,0		22,0	6
[P007]	22,0		29,0	7
[P008]	29,0		37,0	8
[P021]	40,0		41,0	1
[P022]	42,0		44,0	2
[P023]	44,0		47,0	3
[P024]	47,0		51,0	4
[P025]	51,0		56,0	5
[P009]	37,0		61,0	9
[P026]	61,0		67,0	6
[P027]	67,0		74,0	7
[P041]	80,0		81,0	1
[P028]	74,0		83,0	8
[P042]	83,0		85,0	2
[P043]	85,0		88,0	3
[P044]	88,0		92,0	4
[P045]	92,0		97,0	5
[P046]	97,0		103,0	6
[P047]	103,0		110,0	7
[P048]	110,0		118,0	8
[P061]	120,0		121,0	1
[P062]	122,0		124,0	2
[P063]	124,0		127,0	3
[P064]	127,0		131,0	4
[P065]	131,0		136,0	5
[P066]	136,0		142,0	6
[P029]	118,0		148,0	9
[P067]	148,0		155,0	7
[P081]	160,0		161,0	1
[P082]	162,0		164,0	2
[P068]	155,0		166,0	8
[P083]	166,0		169,0	3
[P084]	169,0		173,0	4
[P085]	173,0		178,0	5
[P086]	178,0		184,0	6
[P087]	184,0		191,0	7
[P088]	191,0		199,0	8
[P101]	200,0		201,0	1
[P102]	202,0		204,0	2
[P103]	204,0		207,0	3
[P104]	207,0		211,0	4
[P105]	211,0		216,0	5
[P106]	216,0		222,0	6
[P107]	222,0		229,0	7
[P049]	199,0		236,0	9
[P121]	240,0		241,0	1
[P122]	242,0		244,0	2
[P123]	244,0		247,0	3
[P108]	236,0		250,0	8
[P124]	250,0		254,0	4
[P125]	254,0		259,0	5
[P126]	259,0		265,0	6
[P127]	265,0		272,0	7
[P128]	272,0		280,0	8
[P141]	280,0		281,0	1
[P142]	282,0		284,0	2
[P143]	284,0		287,0	3
[P144]	287,0		291,0	4
[P145]	291,0		296,0	5
[P146]	296,0		302,0	6
[P147]	302,0		309,0	7
[P148]	309,0		317,0	8
[P161]	320,0		321,0	1
[P162]	322,0		324,0	2
[P163]	324,0		327,0	3
[P164]	327,0		331,0	4
[P069]	281,0		335,0	9
[P165]	335,0		340,0	5
[P166]	340,0		346,0	6
[P167]	346,0		353,0	7
[P181]	360,0		361,0	1
[P168]	353,0		362,0	8
[P182]	362,0		364,0	2
[P183]	364,0		367,0	3
[P184]	367,0		371,0	4
[P185]	371,0		376,0	5
[P186]	376,0		382,0	6
[P187]	382,0		389,0	7
[P188]	389,0		397,0	8
[P089]	397,0		406,0	9
[P109]	406,0		415,0	9
[P129]	415,0		424,0	9
[P149]	424,0		433,0	9
[P169]	433,0		442,0	9
[P189]	442,0		451,0	9
[P010]	451,0		461,0	10
[P030]	461,0		471,0	10
[P050]	471,0		481,0	10
[P070]	481,0		491,0	10
[P090]	491,0		501,0	10
[P110]	501,0		511,0	10
[P130]	511,0		521,0	10
[P150]	521,0		531,0	10
[P170]	531,0		541,0	10
[P190]	541,0		551,0	10
[P011]	551,0		562,0	11
[P031]	562,0		573,0	11
[P051]	573,0		584,0	11
[P071]	584,0		595,0	11
[P091]	595,0		606,0	11
[P111]	606,0		617,0	11
[P131]	617,0		628,0	11
[P151]	628,0		639,0	11
[P171]	639,0		650,0	11
[P191]	650,0		661,0	11
[P012]	661,0		673,0	12
[P032]	673,0		685,0	12
[P052]	685,0		697,0	12
[P072]	697,0		709,0	12
[P092]	709,0		721,0	12
[P112]	721,0		733,0	12
[P132]	733,0		745,0	12
[P152]	745,0		757,0	12
[P172]	757,0		769,0	12
[P192]	769,0		781,0	12
[P013]	781,0		794,0	13
[P033]	794,0		807,0	13
[P053]	807,0		820,0	13
[P073]	820,0		833,0	13
[P093]	833,0		846,0	13
[P113]	846,0		859,0	13
[P133]	859,0		872,0	13
[P153]	872,0		885,0	13
[P173]	885,0		898,0	13
[P193]	898,0		911,0	13
[P014]	911,0		925,0	14
[P034]	925,0		939,0	14
[P054]	939,0		953,0	14
[P074]	953,0		967,0	14
[P094]	967,0		981,0	14
[P114]	981,0		995,0	14
[P134]	995,0		1009,0	14
[P154]	1009,0		1023,0	14
[P174]	1023,0		1037,0	14
[P194]	1037,0		1051,0	14
[P015]	1051,0		1066,0	15
[P035]	1066,0		1081,0	15
[P055]	1081,0		1096,0	15
[P075]	1096,0		1111,0	15
[P095]	1111,0		1126,0	15
[P115]	1126,0		1141,0	15
[P135]	1141,0		1156,0	15
[P155]	1156,0		1171,0	15
[P175]	1171,0		1186,0	15
[P195]	1186,0		1201,0	15
[P016]	1201,0		1217,0	16
[P036]	1217,0		1233,0	16
[P056]	1233,0		1249,0	16
[P076]	1249,0		1265,0	16
[P096]	1265,0		1281,0	16
[P116]	1281,0		1297,0	16
[P136]	1297,0		1313,0	16
[P156]	1313,0		1329,0	16
[P176]	1329,0		1345,0	16
[P196]	1345,0		1361,0	16
[P017]	1361,0		1378,0	17
[P037]	1378,0		1395,0	17
[P057]	1395,0		1412,0	17
[P077]	1412,0		1429,0	17
[P097]	1429,0		1446,0	17
[P117]	1446,0		1463,0	17
[P137]	1463,0		1480,0	17
[P157]	1480,0		1497,0	17
[P177]	1497,0		1514,0	17
[P197]	1514,0		1531,0	17
[P018]	1531,0		1549,0	18
[P038]	1549,0		1567,0	18
[P058]	1567,0		1585,0	18
[P078]	1585,0		1603,0	18
[P098]	1603,0		1621,0	18
[P118]	1621,0		1639,0	18
[P138]	1639,0		1657,0	18
[P158]	1657,0		1675,0	18
[P178]	1675,0		1693,0	18
[P198]	1693,0		1711,0	18
[P019]	1711,0		1730,0	19
[P039]	1730,0		1749,0	19
[P059]	1749,0		1768,0	19
[P079]	1768,0		1787,0	19
[P099]	1787,0		1806,0	19
[P119]	1806,0		1825,0	19
[P139]	1825,0		1844,0	19
[P159]	1844,0		1863,0	19
[P179]	1863,0		1882,0	19
[P199]	1882,0		1901,0	19
[P020]	1901,0		1921,0	20
[P040]	1921,0		1941,0	20
[P060]	1941,0		1961,0	20
[P080]	1961,0		1981,0	20
[P100]	1981,0		2001,0	20
[P120]	2001,0		2021,0	20
[P140]	2021,0		2041,0	20
[P160]	2041,0		2061,0	20
[P180]	2061,0		2081,0	20
[P200]	2081,0		2101,0	20
--------------------------------------------------
b) Bekleme Suresi (WT) -> Ort: 537,0156, Max: 1863,0150
c) Turnaround Time (TAT) -> Ort: 547,5156, Max: 1883,0150
d) Throughput -> T=50:11, T=100:22, T=150:32, T=200:42
e) CPU Verimliligi: %99,95
f) Toplam Baglam Degistirme (CS): 15
