ALGORITMA: Priority Non-Preemptive
--------------------------------------------------
a) Zaman Tablosu
Process	Baslangic	Bitis	Burst
[P001]	0,0		1,0	1
[P002]	2,0		4,0	2
[P003]	4,0		7,0	3
[P004]	7,0		11,0	4
[P005]	11,0		16,0	5
[P007]	16,0		23,0	7
[P010]	23,0		33,0	10
[P013]	33,0		46,0	13
[P016]	46,0		62,0	16
[P019]	62,0		81,0	19
[P022]	81,0		83,0	2
[P025]	83,0		88,0	5
[P028]	88,0		96,0	8
[P031]	96,0		107,0	11
[P034]	107,0		121,0	14
[P037]	121,0		138,0	17
[P040]	138,0		158,0	20
[P043]	158,0		161,0	3
[P046]	161,0		167,0	6
[P049]	167,0		176,0	9
[P052]	176,0		188,0	12
[P055]	188,0		203,0	15
[P058]	203,0		221,0	18
[P061]	221,0		222,0	1
[P064]	222,0		226,0	4
[P067]	226,0		233,0	7
[P070]	233,0		243,0	10
[P073]	243,0		256,0	13
[P076]	256,0		272,0	16
[P079]	272,0		291,0	19
[P082]	291,0		293,0	2
[P085]	293,0		298,0	5
[P088]	298,0		306,0	8
[P091]	306,0		317,0	11
[P094]	317,0		331,0	14
[P097]	331,0		348,0	17
[P100]	348,0		368,0	20
[P103]	368,0		371,0	3
[P106]	371,0		377,0	6
[P109]	377,0		386,0	9
[P112]	386,0		398,0	12
[P115]	398,0		413,0	15
[P118]	413,0		431,0	18
[P121]	431,0		432,0	1
[P124]	432,0		436,0	4
[P127]	436,0		443,0	7
[P130]	443,0		453,0	10
[P133]	453,0		466,0	13
[P136]	466,0		482,0	16
[P139]	482,0		501,0	19
[P142]	501,0		503,0	2
[P145]	503,1		508,1	5
[P148]	508,1		516,1	8
[P151]	516,1		527,1	11
[P154]	527,1		541,1	14
[P157]	541,1		558,1	17
[P160]	558,1		578,1	20
[P163]	578,1		581,1	3
[P166]	581,1		587,1	6
[P169]	587,1		596,1	9
[P172]	596,1		608,1	12
[P175]	608,1		623,1	15
[P178]	623,1		641,1	18
[P181]	641,1		642,1	1
[P184]	642,1		646,1	4
[P187]	646,1		653,1	7
[P190]	653,1		663,1	10
[P193]	663,1		676,1	13
[P196]	676,1		692,1	16
[P199]	692,1		711,1	19
[P008]	711,1		719,1	8
[P011]	719,1		730,1	11
[P014]	730,1		744,1	14
[P017]	744,1		761,1	17
[P020]	761,1		781,1	20
[P023]	781,1		784,1	3
[P026]	784,1		790,1	6
[P029]	790,1		799,1	9
[P032]	799,1		811,1	12
[P035]	811,1		826,1	15
[P038]	826,1		844,1	18
[P041]	844,1		845,1	1
[P044]	845,1		849,1	4
[P047]	849,1		856,1	7
[P050]	856,1		866,1	10
[P053]	866,1		879,1	13
[P056]	879,1		895,1	16
[P059]	895,1		914,1	19
[P062]	914,1		916,1	2
[P065]	916,1		921,1	5
[P068]	921,1		929,1	8
[P071]	929,1		940,1	11
[P074]	940,1		954,1	14
[P077]	954,1		971,1	17
[P080]	971,1		991,1	20
[P083]	991,1		994,1	3
[P086]	994,1		1000,1	6
[P089]	1000,1		1009,1	9
[P092]	1009,1		1021,1	12
[P095]	1021,1		1036,1	15
[P098]	1036,1		1054,1	18
[P101]	1054,1		1055,1	1
[P104]	1055,1		1059,1	4
[P107]	1059,1		1066,1	7
[P110]	1066,1		1076,1	10
[P113]	1076,1		1089,1	13
[P116]	1089,1		1105,1	16
[P119]	1105,1		1124,1	19
[P122]	1124,1		1126,1	2
[P125]	1126,1		1131,1	5
[P128]	1131,1		1139,1	8
[P131]	1139,1		1150,1	11
[P134]	1150,1		1164,1	14
[P137]	1164,1		1181,1	17
[P140]	1181,1		1201,1	20
[P143]	1201,1		1204,1	3
[P146]	1204,1		1210,1	6
[P149]	1210,1		1219,1	9
[P152]	1219,1		1231,1	12
[P155]	1231,1		1246,1	15
[P158]	1246,1		1264,1	18
[P161]	1264,1		1265,1	1
[P164]	1265,1		1269,1	4
[P167]	1269,1		1276,1	7
[P170]	1276,1		1286,1	10
[P173]	1286,1		1299,1	13
[P176]	1299,1		1315,1	16
[P179]	1315,1		1334,1	19
[P182]	1334,1		1336,1	2
[P185]	1336,1		1341,1	5
[P188]	1341,1		1349,1	8
[P191]	1349,1		1360,1	11
[P194]	1360,1		1374,1	14
[P197]	1374,1		1391,1	17
[P200]	1391,1		1411,1	20
[P006]	1411,1		1417,1	6
[P009]	1417,1		1426,1	9
[P012]	1426,1		1438,1	12
[P015]	1438,1		1453,1	15
[P018]	1453,1		1471,1	18
[P021]	1471,1		1472,1	1
[P024]	1472,1		1476,1	4
[P027]	1476,1		1483,1	7
[P030]	1483,1		1493,1	10
[P033]	1493,1		1506,1	13
[P036]	1506,1		1522,1	16
[P039]	1522,1		1541,1	19
[P042]	1541,1		1543,1	2
[P045]	1543,1		1548,1	5
[P048]	1548,1		1556,1	8
[P051]	1556,1		1567,1	11
[P054]	1567,2		1581,2	14
[P057]	1581,2		1598,2	17
[P060]	1598,2		1618,2	20
[P063]	1618,2		1621,2	3
[P066]	1621,2		1627,2	6
[P069]	1627,2		1636,2	9
[P072]	1636,2		1648,2	12
[P075]	1648,2		1663,2	15
[P078]	1663,2		1681,2	18
[P081]	1681,2		1682,2	1
[P084]	1682,2		1686,2	4
[P087]	1686,2		1693,2	7
[P090]	1693,2		1703,2	10
[P093]	1703,2		1716,2	13
[P096]	1716,2		1732,2	16
[P099]	1732,2		1751,2	19
[P102]	1751,2		1753,2	2
[P105]	1753,2		1758,2	5
[P108]	1758,2		1766,2	8
[P111]	1766,2		1777,2	11
[P114]	1777,2		1791,2	14
[P117]	1791,2		1808,2	17
[P120]	1808,2		1828,2	20
[P123]	1828,2		1831,2	3
[P126]	1831,2		1837,2	6
[P129]	1837,2		1846,2	9
[P132]	1846,2		1858,2	12
[P135]	1858,2		1873,2	15
[P138]	1873,2		1891,2	18
[P141]	1891,2		1892,2	1
[P144]	1892,2		1896,2	4
[P147]	1896,2		1903,2	7
[P150]	1903,2		1913,2	10
[P153]	1913,2		1926,2	13
[P156]	1926,2		1942,2	16
[P159]	1942,2		1961,2	19
[P162]	1961,2		1963,2	2
[P165]	1963,2		1968,2	5
[P168]	1968,2		1976,2	8
[P171]	1976,2		1987,2	11
[P174]	1987,2		2001,2	14
[P177]	2001,2		2018,2	17
[P180]	2018,2		2038,2	20
[P183]	2038,2		2041,2	3
[P186]	2041,2		2047,2	6
[P189]	2047,2		2056,2	9
[P192]	2056,2		2068,2	12
[P195]	2068,2		2083,2	15
[P198]	2083,2		2101,2	18
--------------------------------------------------
b) Bekleme Suresi (WT) -> Ort: 824,8695, Max: 1689,1990
c) Turnaround Time (TAT) -> Ort: 835,3695, Max: 1707,1990
d) Throughput -> T=50:8, T=100:13, T=150:16, T=200:21
e) CPU Verimliligi: %99,93
f) Toplam Baglam Degistirme (CS): 199
