ALGORITMA: Priority Preemptive
--------------------------------------------------
a) Zaman Tablosu
Process	Baslangic	Bitis	Burst
[P001]	0,0		1,0	1
[P002]	2,0		4,0	2
[P004]	6,0		10,0	4
[P007]	12,0		19,0	7
[P010]	19,0		29,0	10
[P013]	29,0		42,0	13
[P016]	42,0		58,0	16
[P019]	58,0		77,0	19
[P022]	77,0		79,0	2
[P025]	79,0		84,0	5
[P028]	84,0		92,0	8
[P031]	92,0		103,0	11
[P034]	103,0		117,0	14
[P037]	117,0		134,0	17
[P040]	134,0		154,0	20
[P043]	154,0		157,0	3
[P046]	157,0		163,0	6
[P049]	163,0		172,0	9
[P052]	172,0		184,0	12
[P055]	184,0		199,0	15
[P058]	199,0		217,0	18
[P061]	217,0		218,0	1
[P064]	218,0		222,0	4
[P067]	222,0		229,0	7
[P070]	229,0		239,0	10
[P073]	239,0		252,0	13
[P076]	252,0		268,0	16
[P079]	268,0		287,0	19
[P082]	287,0		289,0	2
[P085]	289,0		294,0	5
[P088]	294,0		302,0	8
[P091]	302,0		313,0	11
[P094]	313,0		327,0	14
[P097]	327,0		344,0	17
[P100]	344,0		364,0	20
[P103]	364,0		367,0	3
[P106]	367,0		373,0	6
[P109]	373,0		382,0	9
[P112]	382,0		394,0	12
[P115]	394,0		409,0	15
[P118]	409,0		427,0	18
[P121]	427,0		428,0	1
[P124]	428,0		432,0	4
[P127]	432,0		439,0	7
[P130]	439,0		449,0	10
[P133]	449,0		462,0	13
[P136]	462,0		478,0	16
[P139]	478,0		497,0	19
[P142]	497,0		499,0	2
[P145]	499,0		504,0	5
[P148]	504,0		512,0	8
[P151]	512,0		523,0	11
[P154]	523,0		537,0	14
[P157]	537,0		554,0	17
[P160]	554,0		574,0	20
[P163]	574,0		577,0	3
[P166]	577,0		583,0	6
[P169]	583,0		592,0	9
[P172]	592,0		604,0	12
[P175]	604,0		619,0	15
[P178]	619,0		637,0	18
[P181]	637,0		638,0	1
[P184]	638,0		642,0	4
[P187]	642,0		649,0	7
[P190]	649,0		659,0	10
[P193]	659,0		672,0	13
[P196]	672,0		688,0	16
[P199]	688,0		707,0	19
[P005]	10,0		710,0	5
[P008]	710,0		718,0	8
[P011]	718,0		729,0	11
[P014]	729,0		743,0	14
[P017]	743,0		760,0	17
[P020]	760,0		780,0	20
[P023]	780,0		783,0	3
[P026]	783,0		789,0	6
[P029]	789,0		798,0	9
[P032]	798,0		810,0	12
[P035]	810,0		825,0	15
[P038]	825,0		843,0	18
[P041]	843,0		844,0	1
[P044]	844,0		848,0	4
[P047]	848,0		855,0	7
[P050]	855,0		865,0	10
[P053]	865,0		878,0	13
[P056]	878,0		894,0	16
[P059]	894,0		913,0	19
[P062]	913,0		915,0	2
[P065]	915,0		920,0	5
[P068]	920,0		928,0	8
[P071]	928,0		939,0	11
[P074]	939,0		953,0	14
[P077]	953,0		970,0	17
[P080]	970,0		990,0	20
[P083]	990,0		993,0	3
[P086]	993,0		999,0	6
[P089]	999,0		1008,0	9
[P092]	1008,0		1020,0	12
[P095]	1020,0		1035,0	15
[P098]	1035,0		1053,0	18
[P101]	1053,0		1054,0	1
[P104]	1054,0		1058,0	4
[P107]	1058,0		1065,0	7
[P110]	1065,0		1075,0	10
[P113]	1075,0		1088,0	13
[P116]	1088,0		1104,0	16
[P119]	1104,0		1123,0	19
[P122]	1123,0		1125,0	2
[P125]	1125,0		1130,0	5
[P128]	1130,0		1138,0	8
[P131]	1138,0		1149,0	11
[P134]	1149,0		1163,0	14
[P137]	1163,0		1180,0	17
[P140]	1180,0		1200,0	20
[P143]	1200,0		1203,0	3
[P146]	1203,0		1209,0	6
[P149]	1209,0		1218,0	9
[P152]	1218,0		1230,0	12
[P155]	1230,0		1245,0	15
[P158]	1245,0		1263,0	18
[P161]	1263,0		1264,0	1
[P164]	1264,0		1268,0	4
[P167]	1268,0		1275,0	7
[P170]	1275,0		1285,0	10
[P173]	1285,0		1298,0	13
[P176]	1298,0		1314,0	16
[P179]	1314,0		1333,0	19
[P182]	1333,0		1335,0	2
[P185]	1335,0		1340,0	5
[P188]	1340,0		1348,0	8
[P191]	1348,0		1359,0	11
[P194]	1359,0		1373,0	14
[P197]	1373,0		1390,0	17
[P200]	1390,0		1410,0	20
[P003]	4,0		1411,0	3
[P006]	1411,0		1417,0	6
[P009]	1417,0		1426,0	9
[P012]	1426,0		1438,0	12
[P015]	1438,0		1453,0	15
[P018]	1453,0		1471,0	18
[P021]	1471,0		1472,0	1
[P024]	1472,0		1476,0	4
[P027]	1476,0		1483,0	7
[P030]	1483,0		1493,0	10
[P033]	1493,0		1506,0	13
[P036]	1506,0		1522,0	16
[P039]	1522,0		1541,0	19
[P042]	1541,0		1543,0	2
[P045]	1543,0		1548,0	5
[P048]	1548,0		1556,0	8
[P051]	1556,0		1567,0	11
[P054]	1567,0		1581,0	14
[P057]	1581,0		1598,0	17
[P060]	1598,0		1618,0	20
[P063]	1618,0		1621,0	3
[P066]	1621,0		1627,0	6
[P069]	1627,0		1636,0	9
[P072]	1636,0		1648,0	12
[P075]	1648,0		1663,0	15
[P078]	1663,0		1681,0	18
[P081]	1681,0		1682,0	1
[P084]	1682,0		1686,0	4
[P087]	1686,0		1693,0	7
[P090]	1693,0		1703,0	10
[P093]	1703,0		1716,0	13
[P096]	1716,0		1732,0	16
[P099]	1732,0		1751,0	19
[P102]	1751,0		1753,0	2
[P105]	1753,0		1758,0	5
[P108]	1758,0		1766,0	8
[P111]	1766,0		1777,0	11
[P114]	1777,0		1791,0	14
[P117]	1791,0		1808,0	17
[P120]	1808,0		1828,0	20
[P123]	1828,0		1831,0	3
[P126]	1831,0		1837,0	6
[P129]	1837,0		1846,0	9
[P132]	1846,0		1858,0	12
[P135]	1858,0		1873,0	15
[P138]	1873,0		1891,0	18
[P141]	1891,0		1892,0	1
[P144]	1892,0		1896,0	4
[P147]	1896,0		1903,0	7
[P150]	1903,0		1913,0	10
[P153]	1913,0		1926,0	13
[P156]	1926,0		1942,0	16
[P159]	1942,0		1961,0	19
[P162]	1961,0		1963,0	2
[P165]	1963,0		1968,0	5
[P168]	1968,0		1976,0	8
[P171]	1976,0		1987,0	11
[P174]	1987,0		2001,0	14
[P177]	2001,0		2018,0	17
[P180]	2018,0		2038,0	20
[P183]	2038,0		2041,0	3
[P186]	2041,0		2047,0	6
[P189]	2047,0		2056,0	9
[P192]	2056,0		2068,0	12
[P195]	2068,0		2083,0	15
[P198]	2083,0		2101,0	18
--------------------------------------------------
b) Bekleme Suresi (WT) -> Ort: 833,6316, Max: 1689,0020
c) Turnaround Time (TAT) -> Ort: 844,1316, Max: 1707,0020
d) Throughput -> T=50:6, T=100:11, T=150:14, T=200:20
e) CPU Verimliligi: %99,95
f) Toplam Baglam Degistirme (CS): 2
