ALGORITMA: Round Robin
--------------------------------------------------
a) Zaman Tablosu
Process	Baslangic	Bitis	Burst
[P001]	0,0		1,0	1
[P002]	2,0		4,0	2
[P003]	4,0		7,0	3
[P004]	7,0		11,0	4
[P005]	11,0		16,0	5
[P006]	16,0		47,0	6
[P007]	21,0		64,0	7
[P008]	26,0		77,0	8
[P009]	31,0		96,0	9
[P021]	101,0		102,0	1
[P010]	36,0		107,0	10
[P022]	107,0		109,0	2
[P023]	109,0		112,0	3
[P024]	112,0		116,0	4
[P025]	121,0		126,0	5
[P041]	226,1		227,1	1
[P042]	227,1		229,1	2
[P043]	234,1		237,1	3
[P044]	237,1		241,1	4
[P045]	246,1		251,1	5
[P061]	336,1		337,1	1
[P011]	41,0		338,1	11
[P062]	338,1		340,1	2
[P063]	340,1		343,1	3
[P064]	343,1		347,1	4
[P065]	347,1		352,1	5
[P026]	126,0		358,1	6
[P027]	131,0		375,1	7
[P012]	47,0		387,1	12
[P028]	141,0		405,1	8
[P029]	146,0		419,1	9
[P013]	52,0		437,1	13
[P081]	442,1		443,1	1
[P030]	156,0		448,1	10
[P082]	448,1		450,1	2
[P083]	450,1		453,1	3
[P084]	453,1		457,1	4
[P085]	462,1		467,1	5
[P014]	57,0		496,1	14
[P015]	64,0		566,1	15
[P101]	571,1		572,1	1
[P102]	577,1		579,1	2
[P103]	579,1		582,1	3
[P104]	582,1		586,1	4
[P105]	591,1		596,1	5
[P121]	696,2		697,2	1
[P122]	697,2		699,2	2
[P123]	699,2		702,2	3
[P124]	702,2		706,2	4
[P125]	711,2		716,2	5
[P046]	251,1		737,2	6
[P047]	256,1		749,2	7
[P048]	266,1		782,2	8
[P049]	271,1		801,2	9
[P141]	806,2		807,2	1
[P050]	276,1		812,2	10
[P142]	812,2		814,2	2
[P143]	814,2		817,2	3
[P144]	817,2		821,2	4
[P145]	826,2		831,2	5
[P161]	936,2		937,2	1
[P162]	942,2		944,2	2
[P163]	944,2		947,2	3
[P164]	947,2		951,2	4
[P165]	956,2		961,2	5
[P066]	352,1		1042,2	6
[P181]	1047,2		1048,2	1
[P182]	1048,2		1050,2	2
[P067]	358,1		1052,2	7
[P183]	1052,2		1055,2	3
[P184]	1055,2		1059,2	4
[P185]	1059,2		1064,2	5
[P068]	363,1		1067,2	8
[P069]	368,1		1081,2	9
[P070]	375,1		1106,2	10
[P031]	161,0		1202,3	11
[P086]	467,1		1203,3	6
[P032]	166,0		1205,3	12
[P087]	477,1		1207,3	7
[P088]	482,1		1210,3	8
[P089]	487,1		1214,3	9
[P090]	496,1		1219,3	10
[P033]	176,0		1227,3	13
[P034]	181,0		1246,3	14
[P035]	186,0		1261,3	15
[P106]	596,1		1292,3	6
[P107]	606,1		1299,3	7
[P108]	611,1		1302,3	8
[P109]	616,1		1306,3	9
[P016]	69,0		1307,3	16
[P110]	626,1		1312,3	10
[P017]	77,0		1364,3	17
[P018]	82,0		1377,3	18
[P126]	716,2		1378,3	6
[P127]	721,2		1380,3	7
[P128]	726,2		1383,3	8
[P129]	731,2		1387,3	9
[P130]	737,2		1392,3	10
[P019]	87,0		1416,3	19
[P051]	281,1		1447,3	11
[P146]	831,2		1448,3	6
[P020]	96,0		1453,3	20
[P147]	841,2		1455,3	7
[P148]	846,2		1458,3	8
[P149]	851,2		1462,3	9
[P052]	291,1		1464,3	12
[P150]	861,2		1469,3	10
[P053]	296,1		1477,3	13
[P054]	301,1		1496,3	14
[P055]	306,1		1511,3	15
[P166]	961,2		1547,4	6
[P167]	971,2		1554,4	7
[P168]	976,2		1557,4	8
[P169]	981,2		1561,4	9
[P170]	991,2		1571,4	10
[P186]	1067,2		1622,4	6
[P187]	1072,2		1624,4	7
[P188]	1081,2		1627,4	8
[P189]	1086,2		1631,4	9
[P190]	1091,2		1636,4	10
[P071]	380,1		1652,4	11
[P072]	387,1		1674,4	12
[P073]	392,1		1687,4	13
[P074]	397,1		1696,4	14
[P075]	405,1		1701,4	15
[P091]	501,1		1727,4	11
[P092]	511,1		1729,4	12
[P093]	516,1		1732,4	13
[P094]	521,1		1736,4	14
[P095]	531,1		1741,4	15
[P036]	196,0		1767,4	16
[P037]	201,0		1769,4	17
[P038]	206,0		1772,4	18
[P111]	631,1		1773,4	11
[P039]	216,0		1777,4	19
[P112]	641,1		1779,4	12
[P113]	646,1		1782,4	13
[P114]	651,1		1786,4	14
[P040]	221,0		1791,4	20
[P115]	661,1		1796,4	15
[P131]	742,2		1822,4	11
[P132]	749,2		1824,4	12
[P133]	754,2		1827,4	13
[P134]	759,2		1831,4	14
[P135]	769,2		1836,4	15
[P151]	866,2		1862,4	11
[P152]	876,2		1864,4	12
[P153]	881,2		1867,4	13
[P154]	886,2		1871,4	14
[P155]	896,2		1876,4	15
[P056]	311,1		1897,4	16
[P057]	316,1		1904,4	17
[P058]	321,1		1907,4	18
[P059]	326,1		1911,4	19
[P060]	331,1		1916,4	20
[P171]	996,2		1917,4	11
[P172]	1001,2		1919,4	12
[P173]	1006,2		1922,4	13
[P174]	1011,2		1926,4	14
[P175]	1016,2		1931,4	15
[P191]	1096,2		1957,5	11
[P192]	1106,2		1959,5	12
[P193]	1111,3		1962,5	13
[P194]	1121,3		1966,5	14
[P195]	1126,3		1971,5	15
[P076]	410,1		1997,5	16
[P077]	419,1		1999,5	17
[P078]	424,1		2002,5	18
[P079]	429,1		2006,5	19
[P080]	437,1		2011,5	20
[P096]	536,1		2012,5	16
[P097]	546,1		2014,5	17
[P098]	551,1		2017,5	18
[P099]	556,1		2021,5	19
[P100]	566,1		2026,5	20
[P116]	666,1		2027,5	16
[P117]	671,2		2029,5	17
[P118]	676,2		2032,5	18
[P119]	686,2		2036,5	19
[P120]	691,2		2041,5	20
[P136]	774,2		2042,5	16
[P137]	782,2		2044,5	17
[P138]	787,2		2047,5	18
[P139]	792,2		2051,5	19
[P140]	801,2		2056,5	20
[P156]	901,2		2057,5	16
[P157]	911,2		2059,5	17
[P158]	916,2		2062,5	18
[P159]	921,2		2066,5	19
[P160]	931,2		2071,5	20
[P176]	1021,2		2072,5	16
[P177]	1026,2		2074,5	17
[P178]	1031,2		2077,5	18
[P179]	1036,2		2081,5	19
[P180]	1042,2		2086,5	20
[P196]	1131,3		2087,5	16
[P197]	1136,3		2089,5	17
[P198]	1146,3		2092,5	18
[P199]	1151,3		2096,5	19
[P200]	1161,3		2101,5	20
--------------------------------------------------
b) Bekleme Suresi (WT) -> Ort: 1077,3919, Max: 1833,4690
c) Turnaround Time (TAT) -> Ort: 1087,8919, Max: 1853,4690
d) Throughput -> T=50:6, T=100:9, T=150:15, T=200:15
e) CPU Verimliligi: %99,90
f) Toplam Baglam Degistirme (CS): 499
