ALGORITMA: SJF Non-Preemptive
--------------------------------------------------
a) Zaman Tablosu
Process	Baslangic	Bitis	Burst
[P001]	0,0		1,0	1
[P002]	2,0		4,0	2
[P003]	4,0		7,0	3
[P004]	7,0		11,0	4
[P005]	11,0		16,0	5
[P006]	16,0		22,0	6
[P007]	22,0		29,0	7
[P008]	29,0		37,0	8
[P009]	37,0		46,0	9
[P021]	46,0		47,0	1
[P022]	47,0		49,0	2
[P023]	49,0		52,0	3
[P024]	52,0		56,0	4
[P025]	56,0		61,0	5
[P026]	61,0		67,0	6
[P027]	67,0		74,0	7
[P028]	74,0		82,0	8
[P041]	82,0		83,0	1
[P042]	83,0		85,0	2
[P043]	85,0		88,0	3
[P044]	88,0		92,0	4
[P045]	92,0		97,0	5
[P046]	97,0		103,0	6
[P047]	103,0		110,0	7
[P048]	110,0		118,0	8
[P029]	118,0		127,0	9
[P061]	127,0		128,0	1
[P062]	128,0		130,0	2
[P063]	130,0		133,0	3
[P064]	133,0		137,0	4
[P065]	137,0		142,0	5
[P066]	142,0		148,0	6
[P067]	148,0		155,0	7
[P068]	155,0		163,0	8
[P081]	163,0		164,0	1
[P082]	164,0		166,0	2
[P083]	166,0		169,0	3
[P084]	169,0		173,0	4
[P085]	173,0		178,0	5
[P086]	178,0		184,0	6
[P087]	184,0		191,0	7
[P088]	191,0		199,0	8
[P049]	199,0		208,0	9
[P101]	208,0		209,0	1
[P102]	209,0		211,0	2
[P103]	211,0		214,0	3
[P104]	214,0		218,0	4
[P105]	218,0		223,0	5
[P106]	223,0		229,0	6
[P107]	229,0		236,0	7
[P108]	236,1		244,1	8
[P121]	244,1		245,1	1
[P122]	245,1		247,1	2
[P123]	247,1		250,1	3
[P124]	250,1		254,1	4
[P125]	254,1		259,1	5
[P126]	259,1		265,1	6
[P127]	265,1		272,1	7
[P128]	272,1		280,1	8
[P141]	280,1		281,1	1
[P069]	281,1		290,1	9
[P142]	290,1		292,1	2
[P143]	292,1		295,1	3
[P144]	295,1		299,1	4
[P145]	299,1		304,1	5
[P146]	304,1		310,1	6
[P147]	310,1		317,1	7
[P148]	317,1		325,1	8
[P161]	325,1		326,1	1
[P162]	326,1		328,1	2
[P163]	328,1		331,1	3
[P164]	331,1		335,1	4
[P165]	335,1		340,1	5
[P166]	340,1		346,1	6
[P167]	346,1		353,1	7
[P168]	353,1		361,1	8
[P181]	361,1		362,1	1
[P182]	362,1		364,1	2
[P183]	364,1		367,1	3
[P184]	367,1		371,1	4
[P185]	371,1		376,1	5
[P186]	376,1		382,1	6
[P187]	382,1		389,1	7
[P188]	389,1		397,1	8
[P089]	397,1		406,1	9
[P109]	406,1		415,1	9
[P129]	415,1		424,1	9
[P149]	424,1		433,1	9
[P169]	433,1		442,1	9
[P189]	442,1		451,1	9
[P010]	451,1		461,1	10
[P030]	461,1		471,1	10
[P050]	471,1		481,1	10
[P070]	481,1		491,1	10
[P090]	491,1		501,1	10
[P110]	501,1		511,1	10
[P130]	511,1		521,1	10
[P150]	521,1		531,1	10
[P170]	531,1		541,1	10
[P190]	541,1		551,1	10
[P011]	551,1		562,1	11
[P031]	562,1		573,1	11
[P051]	573,1		584,1	11
[P071]	584,1		595,1	11
[P091]	595,1		606,1	11
[P111]	606,1		617,1	11
[P131]	617,1		628,1	11
[P151]	628,1		639,1	11
[P171]	639,1		650,1	11
[P191]	650,1		661,1	11
[P012]	661,1		673,1	12
[P032]	673,1		685,1	12
[P052]	685,1		697,1	12
[P072]	697,1		709,1	12
[P092]	709,1		721,1	12
[P112]	721,1		733,1	12
[P132]	733,1		745,1	12
[P152]	745,1		757,1	12
[P172]	757,1		769,1	12
[P192]	769,1		781,1	12
[P013]	781,1		794,1	13
[P033]	794,1		807,1	13
[P053]	807,1		820,1	13
[P073]	820,1		833,1	13
[P093]	833,1		846,1	13
[P113]	846,1		859,1	13
[P133]	859,1		872,1	13
[P153]	872,1		885,1	13
[P173]	885,1		898,1	13
[P193]	898,1		911,1	13
[P014]	911,1		925,1	14
[P034]	925,1		939,1	14
[P054]	939,1		953,1	14
[P074]	953,1		967,1	14
[P094]	967,1		981,1	14
[P114]	981,1		995,1	14
[P134]	995,1		1009,1	14
[P154]	1009,1		1023,1	14
[P174]	1023,1		1037,1	14
[P194]	1037,1		1051,1	14
[P015]	1051,1		1066,1	15
[P035]	1066,1		1081,1	15
[P055]	1081,1		1096,1	15
[P075]	1096,1		1111,1	15
[P095]	1111,1		1126,1	15
[P115]	1126,1		1141,1	15
[P135]	1141,1		1156,1	15
[P155]	1156,1		1171,1	15
[P175]	1171,1		1186,1	15
[P195]	1186,1		1201,1	15
[P016]	1201,1		1217,1	16
[P036]	1217,2		1233,2	16
[P056]	1233,2		1249,2	16
[P076]	1249,2		1265,2	16
[P096]	1265,2		1281,2	16
[P116]	1281,2		1297,2	16
[P136]	1297,2		1313,2	16
[P156]	1313,2		1329,2	16
[P176]	1329,2		1345,2	16
[P196]	1345,2		1361,2	16
[P017]	1361,2		1378,2	17
[P037]	1378,2		1395,2	17
[P057]	1395,2		1412,2	17
[P077]	1412,2		1429,2	17
[P097]	1429,2		1446,2	17
[P117]	1446,2		1463,2	17
[P137]	1463,2		1480,2	17
[P157]	1480,2		1497,2	17
[P177]	1497,2		1514,2	17
[P197]	1514,2		1531,2	17
[P018]	1531,2		1549,2	18
[P038]	1549,2		1567,2	18
[P058]	1567,2		1585,2	18
[P078]	1585,2		1603,2	18
[P098]	1603,2		1621,2	18
[P118]	1621,2		1639,2	18
[P138]	1639,2		1657,2	18
[P158]	1657,2		1675,2	18
[P178]	1675,2		1693,2	18
[P198]	1693,2		1711,2	18
[P019]	1711,2		1730,2	19
[P039]	1730,2		1749,2	19
[P059]	1749,2		1768,2	19
[P079]	1768,2		1787,2	19
[P099]	1787,2		1806,2	19
[P119]	1806,2		1825,2	19
[P139]	1825,2		1844,2	19
[P159]	1844,2		1863,2	19
[P179]	1863,2		1882,2	19
[P199]	1882,2		1901,2	19
[P020]	1901,2		1921,2	20
[P040]	1921,2		1941,2	20
[P060]	1941,2		1961,2	20
[P080]	1961,2		1981,2	20
[P100]	1981,2		2001,2	20
[P120]	2001,2		2021,2	20
[P140]	2021,2		2041,2	20
[P160]	2041,2		2061,2	20
[P180]	2061,2		2081,2	20
[P200]	2081,2		2101,2	20
--------------------------------------------------
b) Bekleme Suresi (WT) -> Ort: 537,5245, Max: 1863,1900
c) Turnaround Time (TAT) -> Ort: 548,0245, Max: 1883,1900
d) Throughput -> T=50:11, T=100:22, T=150:32, T=200:42
e) CPU Verimliligi: %99,93
f) Toplam Baglam Degistirme (CS): 199
